 0.0 0.0 0.0
 -0.111315704491913 0.0666666666666667 6.15851850670948
 -0.222631408983825 0.133333333333333 21.9427970090654
 -0.333947113475738 0.2 43.1545814606068
 -0.445262817967651 0.266666666666667 65.913069747025
 -0.556578522459563 0.333333333333333 86.8418817317188
 -0.667894226951476 0.4 103.063294690787
 -0.779209931443388 0.466666666666667 112.599307110385
 -0.890525635935301 0.533333333333333 114.688149227794
 -1.00184134042721 0.6 109.279310088857
 -1.11315704491913 0.666666666666667 96.9927270024769
 -1.22447274941104 0.733333333333333 79.5442951533939
 -1.33578845390295 0.8 59.394502454451
 -1.44710415839486 0.866666666666667 39.5539182290162
 -1.55841986288678 0.933333333333333 24.0263098266703
 -1.66973556737869 1 17.7569711962299
 -1.7810512718706 1.06666666666667 25.2632097293556
 -1.89236697636251 1.13333333333333 49.76319942961
 -2.00368268085443 1.2 91.1220345477185
 -2.11499838534634 1.26666666666667 144.504948612197
 -2.22631408983825 1.33333333333333 204.320951182838
 -2.33762979433017 1.4 265.254253135829
 -2.44894549882208 1.46666666666667 322.916342332587
 -2.56026120331399 1.53333333333333 374.908863080113
 -2.6715769078059 1.6 420.666957281153
 -2.78289261229782 1.66666666666667 460.213984175203
 -2.89420831678973 1.73333333333333 493.471428105985
 -3.00552402128164 1.8 520.186468847335
 -3.11683972577355 1.86666666666667 539.944310938785
 -3.22815543026547 1.93333333333333 552.143603650126
 -3.33947113475738 2 556.266849687272
