 1.03333333333333 1.61405891510367
 1.06666666666667 6.14285831319285
 1.1 13.0779336731939
 1.13333333333333 21.8875212473067
 1.16666666666667 32.0450309620064
 1.2 43.0482924780954
 1.23333333333333 54.4290822756011
 1.26666666666667 65.7527599027962
 1.3 76.6130201643973
 1.33333333333333 86.6292087648035
 1.36666666666667 95.4558732770965
 1.4 102.802643639894
 1.43333333333333 108.458153242493
 1.46666666666667 112.299338624303
 1.5 114.272285709303
 1.53333333333333 114.360486538906
 1.56666666666667 112.568428267405
 1.6 108.934588591801
 1.63333333333333 103.561682664003
 1.66666666666667 96.6331848510017
 1.7 88.4009299016034
 1.73333333333333 79.1598247538059
 1.76666666666667 69.2315936100058
 1.8 58.9652049380966
 1.83333333333333 48.7551475646032
 1.86666666666667 39.0643929835933
 1.9 30.4361699511064
 1.93333333333333 23.4854242511938
 1.96666666666667 18.8633270163991
 2 17.1965843220969
